lambda =  1.0 ,k =  0 ,P =  3.678794e-01
lambda =  5.0 ,k =  10 ,P =  1.813274e-02
lambda =  3.0 ,k =  21 ,P =  1.019340e-11
lambda =  2.6 ,k =  40 ,P =  3.615124e-33
